4 2 0
2 4 0
5 2 0
2 5 0
4 3 0
3 4 0
5 3 0
3 5 0
0 4 2
4 0 2
1 4 2
4 1 2
0 5 2
5 0 2
1 5 2
5 1 2
1 16 2
16 1 2
0 4 3
4 0 3
1 4 3
4 1 3
0 5 3
5 0 3
1 5 3
5 1 3
12 5 3
5 12 3
1 16 3
16 1 3
12 16 3
16 12 3
5 3 12
3 5 12
16 3 12
3 16 12
5 9 12
9 5 12
16 18 12
18 16 12
9 18 15
18 9 15
11 18 15
18 11 15
16 18 15
18 16 15
9 20 15
20 9 15
4 2 1
2 4 1
5 2 1
2 5 1
16 2 1
2 16 1
4 3 1
3 4 1
5 3 1
3 5 1
16 3 1
3 16 1
12 5 9
5 12 9
13 5 9
5 13 9
20 8 9
8 20 9
18 15 9
15 18 9
20 15 9
15 20 9
2 0 4
0 2 4
3 0 4
0 3 4
2 1 4
1 2 4
3 1 4
1 3 4
2 0 5
0 2 5
3 0 5
0 3 5
2 1 5
1 2 5
3 1 5
1 3 5
3 12 5
12 3 5
9 12 5
12 9 5
9 13 5
13 9 5
11 13 5
13 11 5
13 5 11
5 13 11
18 6 11
6 18 11
18 15 11
15 18 11
2 1 16
1 2 16
3 1 16
1 3 16
3 12 16
12 3 16
18 12 16
12 18 16
18 15 16
15 18 16
15 9 18
9 15 18
6 11 18
11 6 18
15 11 18
11 15 18
12 16 18
16 12 18
15 16 18
16 15 18
9 20 8
20 9 8
11 18 6
18 11 6
5 9 13
9 5 13
5 11 13
11 5 13
8 9 20
9 8 20
15 9 20
9 15 20
