0 1 0
1 0 0
0 0 1
2 1 0
1 2 0
0 2 0
2 0 0
0 0 2
2 3 0
3 2 0
1 0 1
0 1 1
1 1 0
2 0 1
0 2 1
1 2 1
2 1 1
1 1 2
2 0 2
0 2 2
2 2 0
1 0 2
3 0 2
0 3 2
0 1 2
2 1 2
1 2 2
2 2 1
0 2 3
2 0 3
7 5 3
5 7 3
3 7 3
7 3 3
3 3 7
6 5 4
5 6 4
4 6 5
6 4 5
7 6 5
6 7 5
3 7 5
7 3 5
5 7 5
7 5 5
5 5 7
7 3 7
3 7 7
7 7 3
5 3 7
3 5 7
7 5 7
5 7 7
7 7 5
6 5 7
5 6 7
7 8 7
8 7 7
7 7 8
8 10 9
10 8 9
5 4 6
4 5 6
5 7 6
7 5 6
8 7 8
7 8 8
8 8 7
10 9 8
9 10 8
10 11 8
11 10 8
8 10 11
10 8 11
11 10 11
10 11 11
11 11 10
9 8 10
8 9 10
11 8 10
8 11 10
10 11 10
11 10 10
10 10 11
